2
9
10
15
16
21
22
24
25
26
27
34
35
36
37
38
39
40
48
53
54
70
72
81
89
90
92
93
97
98
103
112
113
114
116
117
124
126
131
133
136
140
142
143
147
150
151
152
153
154
159
162
164
174
178
181
183
187
191
207
211
212
216
217
218
220
223
225
230
231
239
242
246
247
249
250
268
269
270
271
273
275
290
292
314
318
322
326
328
329
330
337
338
343
345
359
362
364
366
369
383
387
391
394
397
398
399
409
410
411
432
433
434
435
440
443
445
462
466
467
468
471
475
476
478
479
482
483
487
495
496
498
506
514
515
516
522
525
526
529
533
534
537
549
551
553
570
575
578
593
597
608
622
623
624
627
635
637
641
645
648
652
656
658
661
669
673
680
683
685
695
701
706
710
712
713
715
716
717
718
719
722
725
727
728
729
730
731
732
733
735
747
760
774
777
778
779
781
785
786
790
795
805
814
820
823
836
838
840
859
867
873
874
875
883
885
887
891
896
898
900
902
904
909
910
911
912
914
915
916
917
919
921
925
928
929
930
939
941
943
944
945
947
951
952
954
955
956
957
959
962
967
968
970
971
972
973
974
975
978
991
994
997
1001
1003
1019
1020
1022
1025
1026
1027
1030
1036
1050
1051
1053
1054
1056
1066
1069
1072
1075
1081
1101
1103
1109
1117
1118
1120
1129
1131
1132
1133
1135
1138
1140
1141
1143
1144
1145
1146
1147
1152
1154
1158
1160
1161
1163
1164
1173
1176
1179
1181
1188
1207
1208
1215
1232
1233
1234
1235
1236
1237
1244
1259
1261
1263
1269
1271
1272
1286
1287
1293
1297
1298
1299
1306
1308
1311
1317
1325
1326
1337
1339
1340
1345
1346
1347
1349
1351
1352
1357
1358
1359
1360
1361
1364
1366
1371
1380
1407
1408
1409
1410
1431
1436
1439
1440
1441
1445
1447
1456
1459
1460
1468
1469
1470
1471
1472
1473
1478
1479
1489
1490
1493
1496
1499
1503
1506
1509
1510
1511
1512
1513
1514
1515
1519
1521
1524
1525
1535
1537
1543
1549
1551
1553
1557
1572
1573
1581
1583
1584
1585
1586
1588
1589
1591
1592
1593
1594
1603
1607
1608
1609
1610
1621
1630
1632
1633
1636
1642
1643
1647
1649
1655
1656
1659
1675
1676
1677
1718
1727
1738
1740
1743
1755
1763
1778
1780
1781
1786
1788
1789
1791
1793
1794
1798
1806
1807
1808
1812
1815
1816
1828
1829
1832
1841
1844
1847
1850
1852
1855
1870
1891
1892
1901
1906
1907
1917
1942
1943
1944
1945
1947
1950
1959
1960
1962
1967
1968
1969
1974
1978
1991
2010
2021
2026
2027
2043
2045
2051
2052
2053
2068
2069
2071
2072
2073
2081
2091
2113
2118
2120
2134
2135
2138
2147
2149
2151
2152
2155
2157
2158
2159
2160
2161
2162
2165
2166
2167
2168
2169
2171
2172
2176
2178
2182
2184
2188
2189
2197
2203
2205
2207
2209
2212
2213
2215
2241
2242
2245
2248
2249
2251
2252
2253
2254
2258
2259
2266
2268
2272
2274
2277
2289
2309
2318
2322
2324
2326
2327
2329
2350
2352
2353
2354
2356
2359
2488
2492
2517
2520
2523
2527
2530
2532
2535
2538
2539
2548
2550
2554
2556
2557
2559
2560
2561
2562
2563
2564
2566
2567
2568
2569
2570
2582
2583
2584
2585
2587
2588
2592
2593
2617
2632
2641
2642
2643
2645
2648
2650
2651
2661
2687
2690
2691
2693
2694
2695
2696
2697
2712
2717
2719
2720
2730
2731
2735
2737
2739
2741
2742
2766
2768
2769
2770
2780
2781
2783
2784
2785
2786
2787
2791
2792
2796
2797
2805
2806
2811
2815
2821
2826
2829
2832
2846
2847
2859
2862
2872
2874
2875
2876
2877
2879
2882
2885
2889
2891
2893
2895
2899
2900
2903
2906
2912
2913
2914
2916
2919
2920
2921
2922
2923
2925
2932
2936
2938
2940
2941
2946
2947
2949
2950
2952
2953
2954
2957
2958
2959
2960
2961
2963
2967
2968
2969
2977
2979
2982
2984
2986
2990
2995
2997
2998
3000
3001
3002
3012
3018
3020
3028
3029
3032
3035
3053
3055
3059
3060
3061
3062
3065
3066
3067
3071
3074
3075
3091
3098
3101
3108
3109
3110
3112
3115
3145
3155
3158
3162
3174
3175
3195
3226
3236
3242
3249
3250
3251
3265
3274
3284
3290
3291
3292
3293
3294
3295
3300
3303
3305
3306
3309
3315
3316
3346
3347
3350
3351
3352
3354
3355
3357
3361
3362
3373
3375
3376
3381
3384
3385
3394
3397
3399
3417
3426
3434
3439
3440
3441
3442
3443
3444
3445
3446
3448
3449
3451
3452
3454
3456
3458
3460
3467
3543
3549
3558
3560
3561
3562
3563
3566
3567
3569
3574
3575
3577
3578
3579
3586
3587
3588
3590
3592
3593
3594
3595
3596
3598
3601
3606
3611
3612
3613
3614
3615
3620
3625
3627
3628
3630
3632
3636
3645
3646
3654
3659
3661
3665
3667
3672
3673
3675
3678
3680
3682
3683
3685
3687
3689
3692
3695
3702
3703
3704
3706
3707
3716
3726
3728
3732
3745
3751
3759
3763
3765
3766
3768
3770
3773
3776
3779
3780
3781
3783
3786
3791
3798
3803
3804
3806
3808
3810
3811
3815
3816
3818
3820
3823
3875
3906
3909
3911
3913
3914
3921
3938
3939
3948
3952
3955
3972
3973
3976
3977
3978
3988
3990
3993
4005
4008
4012
4025
4036
4041
4046
4048
4049
4050
4051
4055
4056
4060
4066
4069
4085
4092
4093
4124
4125
4126
4129
4142
4143
4145
4153
4157
4159
4160
4161
4171
4172
4175
4190
4194
4210
4211
4214
4215
4218
4221
4224
4225
4245
4258
4259
4277
4282
4283
4286
4292
4295
4296
4298
4306
4312
4313
4314
4316
4318
4331
4338
4342
4350
4351
4357
4358
4359
4360
4436
4440
4478
4487
4496
4499
4502
4522
4543
4544
4547
4548
4583
4591
4595
4597
4599
4603
4605
4607
4609
4615
4619
4620
4621
4622
4624
4625
4627
4633
4634
4636
4638
4677
4685
4688
4691
4694
4695
4696
4697
4701
4702
4704
4705
4706
4707
4709
4710
4711
4712
4717
4718
4719
4720
4722
4723
4724
4726
4729
4734
4736
4741
4756
4758
4759
4760
4780
4790
4792
4794
4803
4804
4821
4825
4828
4829
4830
4832
4833
4838
4843
4846
4851
4852
4855
4860
4878
4879
4880
4886
4889
4893
4905
4907
4908
4913
4914
4917
4922
4923
4931
4940
4942
4953
4967
4973
4985
4986
4991
4992
4993
4994
4995
4998
4999
5008
5009
5010
5018
5019
5020
5021
5023
5024
5025
5026
5027
5028
5029
5030
5031
5033
5042
5045
5049
5050
5052
5055
5058
5063
5071
5073
5080
5081
5090
5091
5093
5096
5104
5105
5106
5111
5132
5133
5136
5138
5145
5146
5148
5149
5152
5153
5158
5159
5161
5163
5169
5172
5173
5193
5194
5196
5197
5198
5199
5207
5209
5210
5213
5214
5216
5217
5223
5224
5226
5232
5236
5241
5243
5244
5255
5260
5261
5264
5268
5269
5273
5277
5283
5284
5286
5287
5288
5290
5292
5296
5297
5300
5308
5315
5319
5320
5321
5327
5331
5333
5334
5336
5338
5340
5345
5346
5347
5351
5360
5365
5372
5373
5393
5394
5406
5409
5422
5423
5424
5425
5426
5427
5429
5431
5435
5436
5437
5438
5439
5443
5446
5464
5468
5473
5476
5498
5499
5501
5502
5507
5515
5518
5520
5529
5538
5539
5540
5546
5547
5551
5553
5557
5563
5565
5568
5569
5571
5577
5580
5581
5582
5585
5590
5593
5595
5602
5604
5611
5613
5617
5624
5625
5627
5630
5634
5641
5644
5645
5649
5662
5684
5685
5686
5687
5691
5693
5694
5695
5696
5698
5699
5700
5702
5704
5705
5706
5708
5709
5713
5714
5720
5721
5723
5732
5737
5739
5741
5743
5745
5746
5777
5778
5797
5798
5803
5805
5819
5822
5825
5827
5828
5831
5832
5833
5834
5836
5837
5859
5860
5864
5869
5871
5872
5881
5894
5896
5897
5898
5901
5906
5908
5917
5922
5933
5957
5959
5961
5971
5972
5973
5980
5984
5986
5994
6011
6037
6041
6091
6096
6097
6118
6119
6120
6121
6123
6128
6130
6132
6133
6135
6143
6144
6150
6154
6155
6156
6161
6164
6166
6167
6170
6171
6173
6176
6182
6184
6188
6192
6193
6195
6197
6199
6207
6209
6210
6222
6228
6229
6230
6231
6232
6233
6235
6237
6258
6261
6263
6301
6307
6318
6323
6338
6340
6343
6344
6346
6347
6351
6354
6355
6356
6360
6361
6363
6364
6366
6367
6369
6370
6372
6385
6389
6396
6401
6402
6403
6419
6425
6429
6441
6442
6445
6446
6455
6456
6469
6476
6482
6489
6494
6495
6499
6504
6506
6507
6510
6511
6514
6517
6520
6521
6522
6523
6528
6529
6531
6532
6538
6540
6543
6548
6550
6554
6555
6558
6570
6571
6572
6580
6591
6608
6610
6611
6615
6626
6629
6631
6633
6634
6636
6637
6646
6647
6667
6675
6688
6692
6696
6697
6716
6718
6720
6723
6726
6727
6728
6729
6737
6746
6747
6748
6750
6751
6753
6754
6755
6770
6775
6776
6779
6783
6786
6804
6810
6811
6812
6820
6821
6839
6845
6863
6865
6866
6870
6873
6875
6877
6878
6879
6881
6882
6883
6884
6888
6890
6897
6900
6908
6916
6948
6999
7003
7005
7006
7015
7023
7038
7043
7044
7046
7054
7058
7059
7060
7064
7068
7076
7083
7094
7096
7097
7098
7099
7100
7102
7108
7122
7124
7125
7132
7133
7134
7137
7139
7143
7159
7161
7166
7170
7173
7185
7186
7188
7189
7200
7201
7248
7251
7252
7263
7272
7273
7277
7278
7280
7291
7292
7294
7296
7297
7299
7305
7306
7307
7311
7317
7324
7345
7350
7353
7358
7360
7363
7367
7368
7371
7374
7378
7384
7386
7388
7390
7408
7409
7412
7417
7423
7424
7428
7431
7432
7433
7442
7448
7450
7466
7471
7472
7473
7476
7477
7479
7480
7481
7494
7498
7507
7508
7514
7515
7516
7517
7533
7535
7538
7704
7706
7779
7802
7841
7846
7923
7941
7976
7979
8027
8029
8030
8031
8050
8061
8074
8086
8091
8120
8148
8174
8200
8218
8288
8290
8294
8302
8309
8312
8317
8318
8322
8323
8325
8326
8329
8330
8331
8332
8334
8335
8336
8337
8339
8340
8341
8342
8343
8344
8345
8346
8347
8348
8349
8350
8352
8353
8354
8355
8356
8357
8358
8359
8360
8361
8364
8366
8367
8368
8369
8372
8379
8382
8383
8387
8390
8392
8399
8408
8424
8431
8435
8438
8440
8443
8449
8454
8458
8464
8471
8482
8484
8491
8493
8506
8509
8513
8515
8516
8520
8525
8526
8527
8529
8540
8542
8550
8565
8569
8590
8605
8607
8608
8612
8622
8625
8633
8639
8643
8644
8645
8649
8654
8655
8664
8666
8667
8668
8673
8676
8677
8685
8692
8694
8697
8698
8703
8704
8705
8708
8722
8735
8737
8740
8741
8742
8744
8761
8764
8772
8787
8789
8790
8792
8793
8799
8802
8803
8807
8809
8811
8813
8818
8821
8822
8823
8833
8841
8842
8850
8853
8863
8875
8876
8877
8883
8884
8891
8892
8893
8896
8900
8906
8912
8915
8916
8924
8925
8936
8968
8969
8970
8972
8973
8974
8985
8986
8995
9002
9020
9023
9038
9039
9040
9047
9051
9056
9061
9064
9071
9073
9074
9076
9080
9087
9088
9091
9092
9093
9101
9104
9107
9113
9114
9129
9131
9132
9133
9138
9146
9156
9162
9167
9177
9179
9180
9210
9218
9227
9232
9245
9246
9248
9249
9254
9287
9294
9296
9320
9322
9340
9342
9348
9350
9351
9353
9354
9365
9367
9370
9376
9377
9388
9402
9410
9414
9415
9420
9423
9429
9446
9447
9451
9455
9456
9459
9479
9482
9486
9487
9488
9489
9500
9514
9519
9525
9530
9532
9540
9541
9545
9547
9550
9551
9553
9562
9569
9586
9616
9623
9627
9630
9631
9632
9636
9672
9688
9690
9695
9709
9722
9723
9724
9734
9739
9741
9755
9759
9765
9775
9785
9790
9791
9794
9801
9817
9818
9844
9846
9855
9861
9879
9883
9886
9899
9900
9915
9924
9926
9934
9945
9953
9955
9956
9966
9971
9972
9973
9978
9984
9985
9992
10005
10007
10014
10015
10019
10020
10023
10026
10039
10054
10055
10057
10059
10062
10063
10073
10092
10094
10095
10110
10113
10125
10126
10134
10140
10161
10163
10170
10171
10195
10199
10200
10201
10213
10242
10243
10248
10252
10253
10257
10262
10266
10267
10268
10273
10282
10285
10286
10289
10294
10312
10316
10317
10319
10325
10327
10331
10333
10347
10351
10352
10368
10369
10371
10379
10380
10382
10390
10392
10393
10398
10400
10401
10413
10419
10423
10427
10436
10437
10438
10445
10452
10454
10455
10460
10465
10476
10477
10479
10482
10488
10490
10497
10500
10501
10507
10525
10533
10535
10552
10556
10557
10560
10563
10568
10573
10577
10585
10588
10594
10599
10603
10607
10617
10621
10627
10637
10654
10666
10670
10671
10672
10678
10683
10686
10713
10714
10723
10728
10734
10744
10746
10775
10782
10788
10797
10798
10799
10800
10803
10810
10814
10818
10841
10842
10850
10855
10858
10873
10874
10885
10891
10898
10908
10912
10913
10915
10926
10940
10945
10946
10947
10952
10961
10975
10978
10990
10991
10992
10993
10998
11006
11009
11019
11026
11040
11041
11044
11065
11069
11072
11097
11102
11136
11140
11145
11151
11157
11171
11181
11186
11194
11197
11200
11201
11211
11222
11224
11226
11232
11260
11264
11267
11282
11283
11315
11317
11320
11325
11336
11337
11340
11343
11345
22794
22802
22808
22824
22827
22845
22854
22856
22871
22885
22894
22900
22909
22914
22928
22934
22943
22954
22978
22985
22987
22989
22999
23002
23025
23049
23057
23067
23096
23127
23160
23171
23186
23191
23195
23207
23220
23221
23237
23295
23380
23385
23396
23401
23411
23417
23418
23436
23438
23439
23460
23461
23475
23480
23483
23495
23498
23500
23513
23517
23529
23533
23538
23547
23553
23556
23562
23566
23583
23586
23594
23595
23607
23620
23621
23624
23640
23643
23644
23646
23649
23659
23708
23761
23765
23786
24146
25759
25780
25805
25825
25834
25873
25945
25949
25956
25974
25996
26007
26019
26035
26052
26056
26060
26063
26084
26154
26189
26211
26212
26227
26232
26253
26271
26272
26279
26281
26285
26286
26289
26290
26291
26330
26333
26354
26471
26476
26503
26528
26529
26531
26532
26538
26539
26648
26658
26659
26664
26692
26716
26872
26873
26986
27006
27010
27018
27019
27034
27044
27068
27071
27074
27087
27089
27091
27094
27097
27113
27115
27121
27123
27124
27159
27165
27183
27190
27202
27231
27232
27235
27243
27244
27257
27258
27289
27301
27306
27316
27334
27338
27339
27343
27345
27349
27430
28227
28234
28960
28964
28965
28972
28998
29071
29074
29088
29093
29102
29107
29108
29110
29119
29760
29796
29851
29880
29881
29882
29883
29889
29895
29906
29915
29922
29924
29925
29926
29927
29929
29935
29940
29947
29949
29954
29956
29968
29978
29997
30001
30012
30814
30837
30844
30845
50487
50506
50508
50515
50613
50616
50617
50632
50674
50700
50807
50831
50832
50833
50834
50835
50836
50837
50838
50839
50840
50855
50940
50944
51004
51005
51009
51013
51021
51023
51032
51052
51056
51065
51067
51068
51069
51071
51073
51074
51079
51081
51082
51084
51094
51102
51107
51111
51116
51121
51128
51129
51135
51143
51144
51160
51164
51172
51179
51181
51187
51206
51227
51268
51272
51274
51284
51292
51295
51301
51302
51311
51318
51330
51340
51360
51367
51371
51378
51380
51384
51455
51477
51478
51513
51520
51564
51585
51601
51604
51606
51652
51690
51691
51700
51701
51703
51706
51715
51719
51727
51728
51733
51744
51764
51776
51805
51806
51807
51809
53343
53358
53407
53630
53637
53829
53832
53918
53947
54107
54187
54205
54207
54209
54344
54361
54363
54413
54433
54457
54472
54490
54539
54541
54583
54677
54738
54766
54795
54802
54831
54872
54884
54913
54928
54938
54941
54948
54960
54963
54981
54995
55012
55014
55040
55048
55070
55081
55110
55119
55120
55131
55157
55163
55173
55176
55191
55204
55217
55224
55226
55229
55240
55247
55256
55272
55284
55294
55301
55304
55339
55366
55423
55432
55501
55503
55505
55506
55512
55520
55534
55540
55558
55577
55584
55585
55624
55630
55651
55666
55670
55696
55699
55703
55706
55711
55718
55738
55740
55741
55746
55748
55753
55757
55766
55781
55788
55790
55798
55799
55801
55802
55813
55821
55825
55844
55851
55870
55879
55907
55914
55970
56000
56001
56034
56259
56267
56302
56413
56474
56475
56603
56605
56623
56649
56656
56886
56893
56894
56895
56898
56901
56903
56904
56913
56915
56920
56922
56924
56940
56949
56953
56954
56983
56985
56994
56998
57007
57016
57038
57053
57084
57103
57105
57122
57171
57192
57292
57369
57379
57468
57472
57502
57506
57551
57644
57680
57715
57733
57804
57818
57819
57834
57835
58472
58477
58478
58494
58498
58510
58511
58985
59067
59343
60401
60482
60485
60490
60495
60682
63875
63893
63917
63923
63928
64064
64065
64077
64083
64106
64109
64121
64127
64131
64132
64137
64170
64215
64218
64221
64223
64240
64321
64324
64343
64374
64393
64398
64411
64425
64506
64579
64581
64600
64682
64750
64764
64768
64781
64784
64806
64837
64840
64960
64981
65003
65010
65083
65108
65109
65263
65264
65985
78989
79017
79023
79053
79058
79077
79087
79132
79168
79178
79228
79365
79369
79444
79586
79587
79590
79602
79603
79611
79623
79631
79643
79644
79658
79659
79661
79671
79679
79695
79709
79717
79718
79720
79723
79728
79731
79748
79760
79799
79813
79814
79833
79837
79861
79869
79885
79888
79901
79902
79923
79944
79966
79981
80010
80025
80031
80142
80145
80146
80153
80168
80198
80201
80222
80223
80230
80233
80235
80271
80301
80310
80319
80328
80329
80335
80339
80347
80380
80700
80704
80896
81027
81029
81030
81035
81285
81490
81537
81539
81578
81579
81608
81616
81617
81624
81697
81797
81839
81849
81873
81876
81888
81929
83439
83440
83443
83447
83464
83700
83729
83990
84172
84364
84440
84444
84617
84991
85236
85477
90665
90865
91373
91442
91445
91543
91782
91807
92483
92552
92815
92856
93129
94026
96764
103910
112398
112399
113457
113878
114049
115201
115653
116285
116987
117247
120227
129642
135948
138050
140465
140801
140803
146754
148022
154796
155066
167227
200576
201163
201254
206358
221037
221823
221830
223117
259230
283871
284217
284541
346562
347733
348995
373156
374291
387082
387893
389898
390892
404672
440073
441024
442186
442194
729238
100132285
100506658
100507436
