10
20
30
40
51
52
71
100
120
140
190
230
240
250
260
270
280
310
330
340
350
380
410
480
500
510
512
514
520
531
534
561
562
563
564
565
590
591
592
600
601
620
640
650
760
770
830
860
920
970
980
982
983
1100
1200
1230
2010
3008
3010
3013
3015
3018
3020
3022
3030
3040
3050
3060
3320
3410
3420
3430
3440
3460
4010
4012
4020
4060
4062
4064
4066
4070
4080
4110
4114
4115
4120
4130
4140
4141
4142
4144
4145
4146
4150
4151
4210
4260
4270
4310
4330
4340
4350
4360
4370
4380
4390
4510
4512
4514
4520
4530
4540
4610
4612
4614
4620
4621
4622
4623
4630
4640
4650
4660
4662
4664
4666
4668
4670
4672
4710
4713
4720
4721
4722
4723
4724
4725
4726
4727
4728
4730
4740
4742
4744
4810
4910
4911
4912
4913
4914
4915
4916
4917
4918
4920
4930
4940
4950
4960
4961
4962
4964
4966
4970
4971
4972
4973
4974
4975
4976
4977
4978
5010
5012
5014
5016
5020
5030
5031
5032
5033
5034
5100
5110
5120
5130
5131
5132
5133
5134
5140
5142
5143
5144
5145
5146
5150
5152
5160
5161
5162
5164
5166
5168
5169
5200
5202
5203
5204
5205
5210
5211
5212
5213
5214
5215
5216
5217
5218
5219
5220
5221
5222
5223
5310
5320
5322
5323
5330
5332
5340
5410
5412
5414
5416
